0 0 0 0
0 0 0 0
0 0 0 0
0 0 0 0
0 0 0 0
0 0 0 0
0 0 0 0
0 0 0 0
0 0 0 0
0 0 0 0
0 0 0 0
0 0 0 0
0 0 0 0
0 0 0 0
0 0 0 0
0 0 0 0
0 0 0 0
0 0 0 0
0 0 0 0
0 0 0 0
0 0 0 0
0 0 0 0
0 0 0 0
0 0 0 0
0 0 0 0
0 0 0 0
0 0 0 0
0 0 0 0
0 0 0 0
0 0 0 0
0 0 0 0
0 0 0 0
0 0 0 0
0 0 0 0
0 0 0 0
0 0 0 0
0 0 0 0
0 0 0 0
0 0 0 0
0 0 0 0
0 0 0 0
0 0 0 0
0 0 0 0
0 0 0 0
0 0 0 0
0 0 0 0
0 0 0 0
0 0 0 0
0 0 0 0
0 0 0 0
0 0 0 0
0 0 0 0
0 0 0 0
0 0 0 0
0 0 0 0
0 0 0 0
0 0 0 0
0 0 0 0
0 0 0 0
0 0 0 0
0 0 0 0
0 0 0 0
0 0 0 0
0 0 0 0
0 0 0 0
0 0 0 0
0 0 0 0
0 0 0 0
0 0 0 0
0 0 0 0
0 0 0 0
0 0 0 0
0 0 0 0
0 0 0 0
0 0 0 0
0 0 0 0
0 0 0 0
0 0 0 0
0 0 0 0
0 0 0 0
0 0 0 0
0 0 0 0
0 0 0 0
0 0 0 0
0 0 0 0
0 0 0 0
0 0 0 0
0 0 0 0
0 0 0 0
0 0 0 0
0 0 0 0
0 0 0 0
0 0 0 0
0 0 0 0
0 0 0 0
0 0 0 0
0 0 0 0
0 0 0 0
0 0 0 0
0 0 0 0
0 0 0 0
0 0 0 0
0 0 0 0
0 0 0 0
0 0 0 0
0 0 0 0
0 0 0 0
0 0 0 0
0 0 0 0
0 0 0 0
0 0 0 0
0 0 0 0
0 0 0 0
0 0 0 0
0 0 0 0
0 0 0 0
0 0 0 0
0 0 0 0
0 0 0 0
0 0 0 0
0 0 0 0
0 0 0 0
0 0 0 0
0 0 0 0
0 0 0 0
0 0 0 0
0 0 0 0
0 0 0 0
0 0 0 0
0 0 0 0
0 0 0 0
0 0 0 0
0 0 0 0
0 0 0 0
0 0 0 0
0 0 0 0
0 0 0 0
0 0 0 0
0 0 0 0
0 0 0 0
0 0 0 0
0 0 0 0
0 0 0 0
0 0 0 0
0 0 0 0
0 0 0 0
0 0 0 0
0 0 0 0
0 0 0 0
0 0 0 0
0 0 0 0
0 0 0 0
0 0 0 0
0 0 0 0
0 0 0 0
0 0 0 0
0 0 0 0
0 0 0 0
0 0 0 0
0 0 0 0
0 0 0 0
0 0 0 0
0 0 0 0
0 0 0 0
0 0 0 0
0 0 0 0
0 0 0 0
0 0 0 0
0 0 0 0
0 0 0 0
0 0 0 0
0 0 0 0
0 0 0 0
0 0 0 0
0 0 0 0
0 0 0 0
0 0 0 0
0 0 0 0
0 0 0 0
0 0 0 0
0 0 0 0
0 0 0 0
0 0 0 0
0 0 0 0
0 0 0 0
0 0 0 0
0 0 0 0
0 0 0 0
0 0 0 0
0 0 0 0
0 0 0 0
0 0 0 0
0 0 0 0
0 0 0 0
0 0 0 0
0 0 0 0
0 0 0 0
0 0 0 0
0 0 0 0
0 0 0 0
0 0 0 0
0 0 0 0
0 0 0 0
0 0 0 0
0 0 0 0
0 0 0 0
0 0 0 0
0 0 0 0
0 0 0 0
0 0 0 0
0 0 0 0
0 0 0 0
0 0 0 0
0 0 0 0
0 0 0 0
0 0 0 0
0 0 0 0
0 0 0 0
0 0 0 0
0 0 0 0
0 0 0 5
0 0 0 5
0 0 0 5
0 0 0 5
0 0 0 5
0 0 0 5
0 0 0 5
0 0 0 5
0 0 0 5
0 0 0 5
0 0 0 5
0 0 0 5
0 0 0 5
0 0 0 5
0 0 0 5
0 0 0 5
0 0 0 5
0 0 0 5
0 0 0 5
0 0 0 5
0 0 0 5
0 0 0 5
0 0 0 5
0 0 0 5
0 0 0 5
0 0 0 5
0 0 0 5
0 0 0 5
0 0 0 5
0 0 0 5
0 0 0 5
0 0 0 5
0 0 0 5
0 0 0 5
0 0 0 5
0 0 0 5
0 0 0 5
0 0 0 5
0 0 0 5
0 0 0 5
0 0 0 5
0 0 0 5
0 0 0 5
0 0 0 5
0 0 0 5
0 0 0 5
0 0 0 5
0 0 0 5
0 0 0 5
0 0 0 5
0 0 0 5
0 0 0 5
0 0 0 5
0 0 0 5
0 0 0 5
0 0 0 5
0 0 0 5
0 0 0 5
0 0 0 5
0 0 0 5
0 0 0 5
0 0 0 5
0 0 0 5
0 0 0 5
0 0 0 5
0 0 0 5
0 0 0 5
0 0 0 5
0 0 0 5
0 0 0 5
0 0 0 5
0 0 0 5
0 0 0 5
0 0 0 5
0 0 0 5
0 0 0 5
0 0 0 5
0 0 0 5
0 0 0 5
0 0 0 5
0 0 0 5
0 0 0 5
0 0 0 5
0 0 0 5
0 0 0 5
0 0 0 5
0 0 0 5
0 0 0 5
0 0 0 5
0 0 0 5
0 0 0 5
0 0 0 5
0 0 0 5
0 0 0 5
0 0 0 5
0 0 0 5
0 0 0 5
0 0 0 5
0 0 0 5
0 0 0 5
0 0 0 5
0 0 0 5
0 0 0 5
0 0 0 5
0 0 0 5
0 0 0 5
0 0 0 5
0 0 0 5
0 0 0 5
0 0 0 5
0 0 0 5
0 0 0 5
0 0 0 5
0 0 0 5
0 0 0 5
0 0 0 5
0 0 0 5
0 0 0 5
0 0 0 5
0 0 0 5
0 0 0 5
0 0 0 5
0 0 0 5
0 0 0 5
0 0 0 5
0 0 0 5
0 0 0 5
0 0 0 5
0 0 0 5
0 0 0 5
0 0 0 5
0 0 0 5
0 0 0 5
0 0 0 5
0 0 0 5
0 0 0 5
0 0 0 5
0 0 0 5
0 0 0 5
0 0 0 5
0 0 0 5
0 0 0 5
0 0 0 5
0 0 0 5
0 0 0 5
0 0 0 5
0 0 0 5
0 0 0 5
0 0 0 5
0 0 0 5
0 0 0 5
0 0 0 5
0 0 0 5
0 0 0 5
0 0 0 5
0 0 0 5
0 0 0 5
0 0 0 5
0 0 0 5
0 0 0 5
0 0 0 5
0 0 0 5
0 0 0 5
0 0 0 5
0 0 0 5
0 0 0 5
0 0 0 5
0 0 0 5
0 0 0 5
0 0 0 5
0 0 0 5
0 0 0 5
0 0 0 5
0 0 0 5
0 0 0 5
0 0 0 5
0 0 0 5
0 0 0 5
0 0 0 5
0 0 0 5
0 0 0 5
0 0 0 5
0 0 0 5
0 0 0 5
0 0 0 5
0 0 0 5
0 0 0 5
0 0 0 5
0 0 0 5
0 0 0 5
0 0 0 5
0 0 0 5
0 0 0 5
0 0 0 5
0 0 0 5
0 0 0 5
0 0 0 5
0 0 0 5
0 0 0 5
0 0 0 5
0 0 0 5
0 0 0 5
0 0 0 5
0 0 0 5
0 0 0 5
0 0 0 5
0 0 0 5
0 0 0 5
0 0 0 5
0 0 0 5
0 0 0 5
0 0 0 5
0 0 0 5
0 0 0 5
0 0 0 5
0 0 0 5
0 0 0 5
0 0 0 5
0 0 0 5
0 0 0 5
0 0 0 5
0 0 0 5
0 0 0 5
0 0 0 5
0 0 0 5
0 0 0 5
0 0 0 5
0 0 0 5
0 0 0 5
0 0 0 5
0 0 0 5
0 0 0 5
0 0 0 5
0 0 0 5
0 0 0 5
0 0 0 5
0 0 0 5
0 0 0 5
0 0 0 5
0 0 0 5
0 0 0 6
0 0 0 6
0 0 0 6
0 0 0 6
0 0 0 6
0 0 0 6
0 0 0 6
0 0 0 6
0 0 0 6
0 0 0 6
0 0 0 6
0 0 0 6
0 0 0 6
0 0 0 6
0 0 0 6
0 0 0 6
0 0 0 6
0 0 0 6
0 0 0 6
0 0 0 6
0 0 0 6
0 0 0 6
0 0 0 6
0 0 0 6
0 0 0 6
0 0 0 6
0 0 0 6
0 0 0 6
0 0 0 6
0 0 0 6
0 0 0 6
0 0 0 6
0 0 0 6
0 0 0 6
0 0 0 6
0 0 0 6
0 0 0 6
0 0 0 6
0 0 0 6
0 0 0 6
0 0 0 6
0 0 0 6
0 0 0 6
0 0 0 6
0 0 0 6
0 0 0 6
0 0 0 6
0 0 0 6
0 0 0 6
0 0 0 6
0 0 0 6
0 0 0 6
0 0 0 6
0 0 0 6
0 0 0 6
0 0 0 6
0 0 0 6
0 0 0 6
0 0 0 6
0 0 0 6
0 0 0 6
0 0 0 6
0 0 0 6
0 0 0 6
0 0 0 6
0 0 0 6
0 0 0 6
0 0 0 6
0 0 0 6
0 0 0 6
0 0 0 6
0 0 0 6
0 0 0 6
0 0 0 6
0 0 0 6
0 0 0 6
0 0 0 6
0 0 0 6
0 0 0 6
0 0 0 6
0 0 0 6
0 0 0 6
0 0 0 6
0 0 0 6
0 0 0 6
0 0 0 6
0 0 0 6
0 0 0 6
0 0 0 6
0 0 0 6
0 0 0 6
0 0 0 6
0 0 0 6
0 0 0 6
0 0 0 6
0 0 0 6
0 0 0 6
0 0 0 6
0 0 0 6
0 0 0 6
0 0 0 6
0 0 0 6
0 0 0 6
0 0 0 6
0 0 0 6
0 0 0 6
0 0 0 6
0 0 0 6
0 0 0 6
0 0 0 6
0 0 0 6
0 0 0 6
0 0 0 6
0 0 0 6
0 0 0 6
0 0 0 6
0 0 0 6
0 0 0 6
0 0 0 6
0 0 0 6
0 0 0 6
0 0 0 6
0 0 0 6
0 0 0 6
0 0 0 6
0 0 0 6
0 0 0 6
0 0 0 6
0 0 0 6
0 0 0 6
0 0 0 6
0 0 0 6
0 0 0 6
0 0 0 6
0 0 0 6
0 0 0 6
0 0 0 6
0 0 0 6
0 0 0 6
0 0 0 6
0 0 0 6
0 0 0 6
0 0 0 6
0 0 0 6
0 0 0 6
0 0 0 6
0 0 0 6
0 0 0 6
0 0 0 6
0 0 0 6
0 0 0 6
0 0 0 6
0 0 0 6
0 0 0 6
0 0 0 6
0 0 0 6
0 0 0 6
0 0 0 6
0 0 0 6
0 0 0 6
0 0 0 6
0 0 0 6
0 0 0 6
0 0 0 6
0 0 0 6
0 0 0 6
0 0 0 6
0 0 0 6
0 0 0 6
0 0 0 6
0 0 0 6
0 0 0 6
0 0 0 6
0 0 0 6
0 0 0 6
0 0 0 6
0 0 0 6
0 0 0 6
0 0 0 6
0 0 0 6
0 0 0 6
0 0 0 6
0 0 0 6
0 0 0 6
0 0 0 6
0 0 0 6
0 0 0 6
0 0 0 6
0 0 0 6
0 0 0 6
0 0 0 6
0 0 0 6
0 0 0 6
0 0 0 6
0 0 0 6
0 0 0 6
0 0 0 6
0 0 0 6
0 0 0 6
0 0 0 6
0 0 0 6
0 0 0 6
0 0 0 6
0 0 0 6
0 0 0 6
0 0 0 6
0 0 0 6
0 0 0 6
0 0 0 6
0 0 0 6
0 0 0 6
0 0 0 6
0 0 0 6
0 0 0 6
0 0 0 6
0 0 0 6
0 0 0 6
0 0 0 6
0 0 0 6
0 0 0 6
0 0 0 7
0 0 0 7
0 0 0 7
0 0 0 7
0 0 0 7
0 0 0 7
0 0 0 7
0 0 0 7
0 0 0 7
0 0 0 7
0 0 0 7
0 0 0 7
0 0 0 7
0 0 0 7
0 0 0 7
0 0 0 7
0 0 0 7
0 0 0 7
0 0 0 7
0 0 0 7
0 0 0 7
0 0 0 7
0 0 0 7
0 0 0 7
0 0 0 7
0 0 0 7
0 0 0 7
0 0 0 7
0 0 0 7
0 0 0 7
0 0 0 7
0 0 0 7
0 0 0 7
0 0 0 7
0 0 0 7
0 0 0 7
0 0 0 7
0 0 0 7
0 0 0 7
0 0 0 7
0 0 0 7
0 0 0 7
0 0 0 7
0 0 0 7
0 0 0 7
0 0 0 7
0 0 0 7
0 0 0 7
0 0 0 7
0 0 0 7
0 0 0 7
0 0 0 7
0 0 0 7
0 0 0 7
0 0 0 7
0 0 0 7
0 0 0 7
0 0 0 7
0 0 0 7
0 0 0 7
0 0 0 7
0 0 0 7
0 0 0 7
0 0 0 7
0 0 0 7
0 0 0 7
0 0 0 7
0 0 0 7
0 0 0 7
0 0 0 7
0 0 0 7
0 0 0 7
0 0 0 7
0 0 0 7
0 0 0 7
0 0 0 7
0 0 0 7
0 0 0 7
0 0 0 7
0 0 0 7
0 0 0 7
0 0 0 7
0 0 0 7
0 0 0 7
0 0 0 7
0 0 0 7
0 0 0 7
0 0 0 7
0 0 0 7
0 0 0 7
0 0 0 7
0 0 0 7
0 0 0 7
0 0 0 7
0 0 0 7
0 0 0 7
0 0 0 7
0 0 0 7
0 0 0 7
0 0 0 7
0 0 0 7
0 0 0 7
0 0 0 7
0 0 0 7
0 0 0 7
0 0 0 7
0 0 0 7
0 0 0 7
0 0 0 7
0 0 0 7
0 0 0 7
0 0 0 7
0 0 0 7
0 0 0 7
0 0 0 7
0 0 0 7
0 0 0 7
0 0 0 7
0 0 0 7
0 0 0 7
0 0 0 7
0 0 0 7
0 0 0 7
0 0 0 7
0 0 0 7
0 0 0 7
0 0 0 7
0 0 0 7
0 0 0 7
0 0 0 7
0 0 0 7
0 0 0 7
0 0 0 7
0 0 0 7
0 0 0 7
0 0 0 7
0 0 0 7
0 0 0 7
0 0 0 7
0 0 0 7
0 0 0 7
0 0 0 7
0 0 0 7
0 0 0 7
0 0 0 7
0 0 0 7
0 0 0 7
0 0 0 7
0 0 0 7
0 0 0 7
0 0 0 7
0 0 0 7
0 0 0 7
0 0 0 7
0 0 0 7
0 0 0 7
0 0 0 7
0 0 0 7
0 0 0 7
0 0 0 7
0 0 0 7
0 0 0 7
0 0 0 7
0 0 0 7
0 0 0 7
0 0 0 7
0 0 0 7
0 0 0 7
0 0 0 7
0 0 0 7
0 0 0 7
0 0 0 7
0 0 0 7
0 0 0 7
0 0 0 7
0 0 0 7
0 0 0 7
0 0 0 7
0 0 0 7
0 0 0 7
0 0 0 7
0 0 0 7
0 0 0 7
0 0 0 7
0 0 0 7
0 0 0 7
0 0 0 7
0 0 0 7
0 0 0 7
0 0 0 7
0 0 11 0
0 0 11 0
0 0 11 0
0 0 11 0
0 0 11 0
0 0 11 0
0 0 11 0
0 0 11 0
0 0 11 0
0 0 11 0
0 0 11 0
0 0 11 0
0 0 11 0
0 0 11 0
0 0 11 0
0 0 11 0
0 0 11 0
0 0 11 0
0 0 11 0
0 0 11 0
0 0 11 0
0 0 11 0
0 0 11 0
0 0 11 0
0 0 11 0
0 0 11 0
0 0 11 0
0 0 11 0
0 0 11 0
0 0 11 0
0 0 11 0
0 0 11 0
0 0 11 0
0 0 11 0
0 0 11 0
0 0 11 0
0 0 11 0
0 0 11 0
0 0 11 0
0 0 11 0
0 0 11 0
0 0 11 0
0 0 11 0
0 0 11 0
0 0 11 0
0 0 11 0
0 0 11 0
0 0 11 0
0 0 11 0
0 0 11 0
0 0 11 0
0 0 11 0
0 0 11 0
0 0 11 0
0 0 11 0
0 0 11 0
0 0 11 0
0 0 11 0
0 0 11 0
0 0 11 0
0 0 11 0
0 0 11 0
0 0 11 0
0 0 11 0
0 0 11 0
0 0 11 0
0 0 11 0
0 0 11 0
0 0 11 0
0 0 11 0
0 0 11 0
0 0 11 0
0 0 11 0
0 0 11 0
0 0 11 0
0 0 11 0
0 0 11 0
0 0 11 0
0 0 11 0
0 0 11 0
0 0 11 0
0 0 11 0
0 0 11 0
0 0 11 0
0 0 11 0
0 0 11 0
0 0 11 0
0 0 11 0
0 0 11 0
0 0 11 0
0 0 11 0
0 0 11 0
0 0 11 0
0 0 11 0
0 0 11 0
0 0 11 0
0 0 11 0
0 0 11 0
0 0 11 0
0 0 11 0
0 0 11 0
0 0 11 0
0 0 11 0
0 0 11 0
0 0 11 0
0 0 11 0
0 0 11 0
0 0 11 0
0 0 11 0
0 0 11 0
0 0 11 0
0 0 11 0
0 0 11 0
0 0 11 0
0 0 11 0
0 0 11 0
0 0 11 0
0 0 11 0
0 0 11 0
0 0 11 0
0 0 11 0
0 0 11 0
0 0 11 0
0 0 11 0
0 0 11 0
0 0 11 0
0 0 11 0
0 0 11 0
0 0 11 0
0 0 11 0
0 0 11 0
0 0 11 0
0 0 11 0
0 0 11 0
0 0 11 0
0 0 11 0
0 0 11 0
0 0 11 0
0 0 11 0
0 0 11 0
0 0 11 0
0 0 11 0
0 0 11 0
0 0 11 0
0 0 11 0
0 0 11 0
0 0 11 0
0 0 11 0
0 0 11 0
0 0 11 0
0 2 2 0
0 2 2 0
0 2 2 0
0 2 2 0
0 2 2 0
0 2 2 0
0 2 2 0
0 2 2 0
0 2 2 0
0 2 2 0
0 2 2 0
0 2 2 0
0 2 2 0
0 2 2 0
0 2 2 0
0 2 2 0
0 2 2 0
0 2 2 0
0 2 2 0
0 2 2 0
0 2 2 0
0 2 2 0
0 2 2 0
0 2 2 0
0 2 2 0
0 2 2 0
0 2 2 0
0 2 2 0
0 2 2 0
0 2 2 0
0 2 2 0
0 2 2 0
0 2 2 0
0 2 2 0
0 2 2 0
0 2 2 0
0 2 2 0
0 2 2 0
0 2 2 0
0 2 2 0
0 2 2 0
0 2 2 0
0 2 2 0
0 2 2 0
0 2 2 0
0 2 2 0
0 2 2 0
0 2 2 0
0 2 2 0
0 2 2 0
0 2 2 0
0 2 2 0
0 2 2 0
0 2 2 0
0 2 2 0
0 2 2 0
0 2 2 0
0 2 2 0
0 2 2 0
0 2 2 0
0 2 2 0
0 2 2 0
0 2 2 0
0 2 2 0
0 2 2 0
0 2 2 0
0 2 2 0
0 2 2 0
0 2 2 0
0 2 2 0
0 2 2 0
0 2 2 0
0 2 2 0
0 2 2 0
0 2 2 0
0 2 2 0
0 2 2 0
0 2 2 0
0 2 2 0
0 2 2 0
0 2 2 0
0 2 2 0
0 2 2 0
0 2 2 0
0 2 2 0
0 2 2 0
0 2 2 0
0 2 2 0
0 2 2 5
0 2 2 5
0 2 2 5
0 2 2 5
0 2 2 5
0 2 2 5
0 2 2 5
0 2 2 5
0 2 2 5
0 2 2 5
0 2 2 5
0 2 2 5
0 2 2 5
0 2 2 5
0 2 2 5
0 2 2 5
0 2 2 5
0 2 2 5
0 2 2 5
0 2 2 5
0 2 2 5
0 2 2 5
0 2 2 5
0 2 2 5
0 2 2 5
0 2 2 5
0 2 2 5
0 2 2 5
0 2 2 5
0 2 2 5
0 2 2 5
0 2 2 5
0 2 2 5
0 2 2 5
0 2 2 5
0 2 2 5
0 2 2 5
0 2 2 5
0 2 2 5
0 2 2 5
0 2 2 5
0 2 2 5
0 2 2 5
0 2 2 5
0 2 2 5
0 2 2 5
0 2 2 5
0 2 2 5
0 2 2 5
0 2 2 5
0 2 2 5
0 2 2 5
0 2 2 5
0 2 2 5
0 2 2 5
0 2 2 5
0 2 2 5
0 2 2 5
0 2 2 5
0 2 2 5
0 2 2 5
0 2 2 5
0 2 2 5
0 2 2 5
0 2 2 5
0 2 2 5
0 2 2 5
0 2 2 5
0 2 2 5
0 2 2 5
0 2 2 5
0 2 2 5
0 2 2 5
0 2 2 5
0 2 2 5
0 2 2 5
0 2 2 5
0 2 2 5
0 2 2 5
0 2 2 5
0 2 2 5
0 2 2 5
0 2 2 5
0 2 2 5
0 2 2 5
0 2 2 5
0 2 2 5
0 2 2 5
0 2 2 5
0 2 2 5
0 2 2 5
0 2 2 5
0 2 2 5
0 2 2 5
0 2 2 5
0 2 2 5
0 2 2 6
0 2 2 6
0 2 2 6
0 2 2 6
0 2 2 6
0 2 2 6
0 2 2 6
0 2 2 6
0 2 2 6
0 2 2 6
0 2 2 6
0 2 2 6
0 2 2 6
0 2 2 6
0 2 2 6
0 2 2 6
0 2 2 6
0 2 2 6
0 2 2 6
0 2 2 6
0 2 2 6
0 2 2 6
0 2 2 6
0 2 2 6
0 2 2 6
0 2 2 6
0 2 2 6
0 2 2 6
0 2 2 6
0 2 2 6
0 2 2 6
0 2 2 6
0 2 2 6
0 2 2 6
0 2 2 6
0 2 2 6
0 2 2 6
0 2 2 6
0 2 2 6
0 2 2 6
0 2 2 6
0 2 2 6
0 2 2 6
0 2 2 6
0 2 2 6
0 2 2 6
0 2 2 6
0 2 2 6
0 2 2 6
0 2 2 6
0 2 2 6
0 2 2 6
0 2 2 6
0 2 2 6
0 2 2 6
0 2 2 6
0 2 2 6
0 2 2 6
0 2 2 6
0 2 2 6
0 2 2 6
0 2 2 6
0 2 2 6
0 2 2 6
0 2 2 6
0 2 2 6
0 2 2 6
0 2 2 6
0 2 2 6
0 2 2 6
0 2 2 6
0 2 2 6
0 2 2 6
0 2 2 6
0 2 2 6
0 2 2 6
0 2 2 6
0 2 2 6
0 2 2 6
0 2 2 6
0 2 2 6
0 2 2 6
0 2 2 6
0 2 2 6
0 2 2 6
0 2 2 6
0 2 2 6
0 2 2 6
0 2 2 7
0 2 2 7
0 2 2 7
0 2 2 7
0 2 2 7
0 2 2 7
0 2 2 7
0 2 2 7
0 2 2 7
0 2 2 7
0 2 2 7
0 2 2 7
0 2 2 7
0 2 2 7
0 2 2 7
0 2 2 7
0 2 2 7
0 2 2 7
0 2 2 7
0 2 2 7
0 2 2 7
0 2 2 7
0 2 2 7
0 2 2 7
0 2 2 7
0 2 2 7
0 2 2 7
0 2 2 7
0 2 2 7
0 2 2 7
0 2 2 7
0 2 2 7
0 2 2 7
0 2 2 7
0 2 2 7
0 2 2 7
0 2 2 7
0 2 2 7
0 2 2 7
0 2 2 7
0 2 2 7
0 2 2 7
0 2 2 7
0 2 2 7
0 2 2 7
0 2 2 7
0 2 2 7
0 2 2 7
0 2 2 7
0 2 2 7
0 2 2 7
0 2 2 7
0 2 2 7
0 2 2 7
0 2 2 7
0 2 2 7
0 2 2 7
0 2 2 7
0 2 2 7
0 2 2 7
0 2 2 7
0 2 2 7
0 2 2 7
0 2 2 7
0 2 2 7
0 2 2 7
0 2 2 7
0 2 2 7
0 2 2 7
0 2 2 7
0 2 2 7
0 2 2 7
0 2 2 7
0 2 2 7
0 2 2 7
0 2 2 7
0 1 16 0
0 3 16 0
0 1 16 0
0 3 16 0
0 1 16 0
0 3 16 0
0 1 16 0
0 3 16 0
0 1 16 0
0 3 16 0
0 1 16 0
0 3 16 0
0 1 16 0
0 3 16 0
0 1 16 0
0 3 16 0
0 1 16 0
0 3 16 0
0 1 16 0
0 3 16 0
0 1 16 0
0 3 16 0
0 1 16 0
0 3 16 0
0 1 16 0
0 3 16 0
0 1 16 0
0 3 16 0
0 1 16 0
0 3 16 0
0 1 16 0
0 3 16 0
0 1 16 0
0 3 16 0
0 1 16 0
0 3 16 0
0 1 16 0
0 3 16 0
0 1 16 0
0 3 16 0
0 1 16 0
0 3 16 0
0 1 16 0
0 3 16 0
0 1 16 5
0 3 16 5
0 1 16 5
0 3 16 5
0 1 16 5
0 3 16 5
0 1 16 5
0 3 16 5
0 1 16 5
0 3 16 5
0 1 16 5
0 3 16 5
0 1 16 5
0 3 16 5
0 1 16 5
0 3 16 5
0 1 16 5
0 3 16 5
0 1 16 5
0 3 16 5
0 1 16 5
0 3 16 5
0 1 16 5
0 3 16 5
0 1 16 5
0 3 16 5
0 1 16 5
0 3 16 5
0 1 16 5
0 3 16 5
0 1 16 5
0 3 16 5
0 1 16 5
0 3 16 5
0 1 16 5
0 3 16 5
0 1 16 5
0 3 16 5
0 1 16 5
0 3 16 5
0 1 16 5
0 3 16 5
0 1 16 5
0 3 16 5
0 1 16 5
0 3 16 5
0 1 16 5
0 3 16 5
0 1 16 6
0 3 16 6
0 1 16 6
0 3 16 6
0 1 16 6
0 3 16 6
0 1 16 6
0 3 16 6
0 1 16 6
0 3 16 6
0 1 16 6
0 3 16 6
0 1 16 6
0 3 16 6
0 1 16 6
0 3 16 6
0 1 16 6
0 3 16 6
0 1 16 6
0 3 16 6
0 1 16 6
0 3 16 6
0 1 16 6
0 3 16 6
0 1 16 6
0 3 16 6
0 1 16 6
0 3 16 6
0 1 16 6
0 3 16 6
0 1 16 6
0 3 16 6
0 1 16 6
0 3 16 6
0 1 16 6
0 3 16 6
0 1 16 6
0 3 16 6
0 1 16 6
0 3 16 6
0 1 16 6
0 3 16 6
0 1 16 6
0 3 16 6
0 1 16 7
0 3 16 7
0 1 16 7
0 3 16 7
0 1 16 7
0 3 16 7
0 1 16 7
0 3 16 7
0 1 16 7
0 3 16 7
0 1 16 7
0 3 16 7
0 1 16 7
0 3 16 7
0 1 16 7
0 3 16 7
0 1 16 7
0 3 16 7
0 1 16 7
0 3 16 7
0 1 16 7
0 3 16 7
0 1 16 7
0 3 16 7
0 1 16 7
0 3 16 7
0 1 16 7
0 3 16 7
0 1 16 7
0 3 16 7
0 1 16 7
0 3 16 7
0 1 16 7
0 3 16 7
0 1 16 7
0 3 16 7
0 1 16 7
0 3 16 7
1 0 0 0
1 0 0 0
1 0 0 0
1 0 0 0
1 0 0 0
1 0 0 0
1 0 0 5
1 0 0 5
1 0 0 5
1 0 0 5
1 0 0 5
1 0 0 5
1 0 0 6
1 0 0 6
1 0 0 6
1 0 0 6
1 0 0 6
1 0 0 6
1 0 0 7
1 0 0 7
1 0 0 7
1 0 0 7
1 0 0 7
1 0 0 7
2 0 0 0
2 0 0 0
2 0 0 0
2 0 0 0
2 0 0 0
2 0 0 0
2 0 0 5
2 0 0 5
2 0 0 5
2 0 0 5
2 0 0 5
2 0 0 5
2 0 0 6
2 0 0 6
2 0 0 6
2 0 0 6
2 0 0 6
2 0 0 6
2 0 0 7
2 0 0 7
2 0 0 7
2 0 0 7
3 0 0 0
3 0 0 0
3 0 0 0
3 0 0 0
3 0 0 0
3 0 0 0
3 0 0 5
3 0 0 5
3 0 0 5
3 0 0 5
3 0 0 5
3 0 0 5
3 0 0 6
3 0 0 6
3 0 0 6
3 0 0 6
3 0 0 6
3 0 0 6
3 0 0 7
3 0 0 7
3 0 0 7
3 0 0 7
4 0 0 0
4 0 0 0
4 0 0 0
4 0 0 0
4 0 0 0
4 0 0 0
4 0 0 5
4 0 0 5
4 0 0 5
4 0 0 5
4 0 0 5
4 0 0 5
4 0 0 6
4 0 0 6
4 0 0 6
4 0 0 6
4 0 0 7
4 0 0 7
5 0 0 0
5 0 0 0
5 0 0 0
5 0 0 0
5 0 0 0
5 0 0 0
5 0 0 5
5 0 0 5
5 0 0 5
5 0 0 5
5 0 0 5
5 0 0 5
5 0 0 6
5 0 0 6
5 0 0 6
5 0 0 6
5 0 0 7
5 0 0 7
6 0 0 0
6 0 0 0
6 0 0 0
6 0 0 0
6 0 0 0
6 0 0 0
6 0 0 5
6 0 0 5
6 0 0 5
6 0 0 5
6 0 0 5
6 0 0 5
6 0 0 6
6 0 0 6
6 0 0 6
6 0 0 6
6 0 0 7
6 0 0 7
7 0 0 0
7 0 0 0
7 0 0 0
7 0 0 0
7 0 0 0
7 0 0 0
7 0 0 5
7 0 0 5
7 0 0 5
7 0 0 5
7 0 0 5
7 0 0 5
7 0 0 6
7 0 0 6
7 0 0 6
7 0 0 6
7 0 0 7
7 0 0 7
1 2 2 0
1 2 2 0
1 1 16 0
1 1 16 0
1 3 16 0
1 3 16 0
1 2 2 5
1 2 2 5
1 1 16 5
1 1 16 5
1 3 16 5
1 3 16 5
1 2 2 6
1 2 2 6
1 1 16 6
1 1 16 6
1 3 16 6
1 3 16 6
1 2 2 7
1 2 2 7
1 1 16 7
1 1 16 7
1 3 16 7
1 3 16 7
2 2 2 0
2 2 2 0
2 1 16 0
2 1 16 0
2 3 16 0
2 3 16 0
2 2 2 5
2 2 2 5
2 1 16 5
2 1 16 5
2 3 16 5
2 3 16 5
2 2 2 6
2 2 2 6
2 1 16 6
2 1 16 6
2 3 16 6
2 3 16 6
2 2 2 7
2 2 2 7
2 1 16 7
2 1 16 7
2 3 16 7
2 3 16 7
3 2 2 0
3 2 2 0
3 1 16 0
3 1 16 0
3 3 16 0
3 3 16 0
3 2 2 5
3 2 2 5
3 1 16 5
3 1 16 5
3 3 16 5
3 3 16 5
3 2 2 6
3 2 2 6
3 1 16 6
3 1 16 6
3 3 16 6
3 3 16 6
3 2 2 7
3 2 2 7
3 1 16 7
3 1 16 7
3 3 16 7
3 3 16 7
4 2 2 0
4 2 2 0
4 1 16 0
4 1 16 0
4 3 16 0
4 3 16 0
4 2 2 5
4 2 2 5
4 1 16 5
4 1 16 5
4 3 16 5
4 3 16 5
4 2 2 6
4 2 2 6
4 1 16 6
4 1 16 6
4 3 16 6
4 3 16 6
4 2 2 7
4 1 16 7
4 1 16 7
4 3 16 7
4 3 16 7
5 2 2 0
5 2 2 0
5 1 16 0
5 1 16 0
5 3 16 0
5 3 16 0
5 2 2 5
5 2 2 5
5 1 16 5
5 1 16 5
5 3 16 5
5 3 16 5
5 2 2 6
5 2 2 6
5 1 16 6
5 1 16 6
5 3 16 6
5 3 16 6
5 2 2 7
5 1 16 7
5 1 16 7
5 3 16 7
5 3 16 7
6 2 2 0
6 2 2 0
6 1 16 0
6 1 16 0
6 3 16 0
6 3 16 0
6 2 2 5
6 2 2 5
6 1 16 5
6 1 16 5
6 3 16 5
6 3 16 5
6 2 2 6
6 2 2 6
6 1 16 6
6 1 16 6
6 3 16 6
6 3 16 6
6 2 2 7
6 1 16 7
6 1 16 7
6 3 16 7
6 3 16 7
7 2 2 0
7 2 2 0
7 1 16 0
7 1 16 0
7 3 16 0
7 3 16 0
7 2 2 5
7 2 2 5
7 1 16 5
7 1 16 5
7 3 16 5
7 3 16 5
7 2 2 6
7 2 2 6
7 1 16 6
7 1 16 6
7 3 16 6
7 3 16 6
7 2 2 7
7 1 16 7
7 1 16 7
7 3 16 7
7 3 16 7
0 0 8 0
0 0 8 0
0 0 8 0
1 0 8 0
1 0 8 0
1 0 8 0
3 0 8 0
3 0 8 0
3 0 8 0
7 0 8 0
7 0 8 0
7 0 8 0
0 0 0 0
2 0 0 0
0 0 0 5
2 0 0 5
0 0 0 6
2 0 0 6
0 0 0 7
2 0 0 7
0 0 0 0
2 0 0 0
0 0 0 5
2 0 0 5
0 0 0 6
2 0 0 6
0 0 0 7
2 0 0 7
0 0 0 0
2 0 0 0
0 0 0 5
2 0 0 5
0 0 0 6
2 0 0 6
0 0 0 7
2 0 0 7
0 0 0 0
2 0 0 0
0 0 0 5
2 0 0 5
0 0 0 6
2 0 0 6
0 0 0 7
2 0 0 7
0 0 0 7
0 0 0 0
0 0 0 6
0 0 0 6
0 0 0 6
7 0 0 6
0 1 8 6
0 3 16 6
0 0 0 6
